xmin = -251
xmax = 281
offset = 15
gravityx = 266
scale factorx = 0.03684210526315789473684210526316

ymin = -281
ymax = 248
offset = -16.5 -> -17
gravityy = 264.5 -> 265
scale factory = 0.03698113207547169811320754716981

zmin = -265
zmax = 237
offset = -28
gravityz = 251
scale factorz = 0.03904382470119521912350597609562